Tiers: 8
Stacks: 15
Containers: 108
Stack 0: 96   15   15   48   8    35   
Stack 1: 48   80   11   45   73   101  
Stack 2: 48   94   79   36   96   24   105  19   
Stack 3: 1    33   92   13   54   46   72   64   
Stack 4: 84   94   82   82   24   26   43   
Stack 5: 1    16   83   11   82   96   10   
Stack 6: 41   42   61   71   85   
Stack 7: 60   70   16   9    75   44   14   25   
Stack 8: 76   21   41   92   8    22   49   3    
Stack 9: 89   7    84   51   69   99   39   12   
Stack 10: 19   87   26   6    40   97   41   62   
Stack 11: 96   67   48   31   78   17   54   82   
Stack 12: 57   82   10   14   49   86   
Stack 13: 87   46   62   77   56   1    87   
Stack 14: 51   58   78   12   44   42   38   69   
