Tiers: 8
Stacks: 15
Containers: 108
Stack 0: 66   26   4    1    81   81   90   
Stack 1: 102  8    81   76   62   
Stack 2: 107  49   62   9    53   95   79   85   
Stack 3: 40   97   106  24   61   107  
Stack 4: 106  54   73   22   105  22   59   13   
Stack 5: 29   97   44   46   50   100  58   
Stack 6: 15   98   40   1    25   42   77   22   
Stack 7: 28   51   33   88   55   13   11   70   
Stack 8: 1    47   13   11   6    91   74   84   
Stack 9: 104  27   107  13   10   35   8    28   
Stack 10: 44   15   37   58   87   13   20   15   
Stack 11: 93   76   42   22   90   5    82   37   
Stack 12: 67   30   72   71   
Stack 13: 5    53   90   59   69   42   68   
Stack 14: 94   85   99   64   74   52   83   26   
