Tiers: 8
Stacks: 16
Containers: 115
Stack 0: 30   1    37   18   10   49   67   
Stack 1: 13   45   14   91   58   5    62   44   
Stack 2: 96   23   16   0    27   52   29   49   
Stack 3: 72   93   85   72   61   84   106  80   
Stack 4: 77   96   6    78   45   51   20   
Stack 5: 33   74   94   100  14   42   94   92   
Stack 6: 67   57   64   84   72   76   
Stack 7: 33   104  97   88   91   
Stack 8: 84   45   59   53   11   99   98   37   
Stack 9: 37   3    4    8    15   0    103  41   
Stack 10: 79   27   85   25   52   17   63   10   
Stack 11: 109  40   36   60   37   21   60   49   
Stack 12: 83   62   97   32   65   53   86   
Stack 13: 102  106  2    91   97   92   
Stack 14: 68   34   39   42   56   
Stack 15: 69   98   94   70   100  66   63   1    
