Tiers: 8
Stacks: 15
Containers: 108
Stack 0: 51   47   11   20   50   98   9    
Stack 1: 4    68   5    66   23   46   
Stack 2: 81   80   100  81   2    12   19   64   
Stack 3: 23   76   91   91   38   103  99   65   
Stack 4: 103  71   98   87   0    32   66   
Stack 5: 41   52   7    90   40   29   
Stack 6: 91   106  29   53   55   33   49   87   
Stack 7: 64   85   23   6    49   45   13   88   
Stack 8: 45   76   33   4    4    107  63   28   
Stack 9: 57   30   65   33   48   57   100  30   
Stack 10: 107  1    53   38   41   85   96   96   
Stack 11: 5    104  74   0    2    52   91   
Stack 12: 82   0    106  98   4    20   47   87   
Stack 13: 87   17   99   90   26   54   87   76   
Stack 14: 83   92   106  
