Tiers: 8
Stacks: 15
Containers: 96
Stack 0: 22   43   30   23   66   54   8    
Stack 1: 89   17   70   
Stack 2: 49   87   81   86   32   41   
Stack 3: 10   82   40   86   
Stack 4: 3    18   94   66   25   65   71   21   
Stack 5: 14   44   72   85   16   18   89   49   
Stack 6: 39   71   63   44   47   19   70   
Stack 7: 47   16   15   89   47   85   23   94   
Stack 8: 67   6    47   57   
Stack 9: 46   56   5    66   54   50   47   30   
Stack 10: 92   2    94   56   78   78   86   5    
Stack 11: 58   93   41   41   19   
Stack 12: 31   30   29   87   86   36   88   
Stack 13: 65   93   75   81   59   0    8    66   
Stack 14: 6    86   44   88   63   
