Tiers: 7
Stacks: 16
Containers: 101
Stack 0: 22   26   20   63   63   20   
Stack 1: 51   83   86   69   5    45   77   
Stack 2: 5    25   56   34   64   18   85   
Stack 3: 57   21   77   44   76   94   61   
Stack 4: 80   2    20   45   68   80   
Stack 5: 71   12   93   37   7    73   44   
Stack 6: 2    61   79   58   82   
Stack 7: 62   76   59   66   63   98   64   
Stack 8: 70   85   84   31   14   42   95   
Stack 9: 51   32   85   87   87   33   22   
Stack 10: 31   46   31   55   91   76   77   
Stack 11: 32   82   54   17   64   
Stack 12: 95   67   
Stack 13: 0    33   69   5    67   72   6    
Stack 14: 59   12   74   82   34   47   55   
Stack 15: 22   67   74   65   27   81   63   
