Tiers: 8
Stacks: 14
Containers: 101
Stack 0: 100  62   26   82   24   44   67   84   
Stack 1: 50   98   26   60   79   100  
Stack 2: 94   60   33   13   38   3    59   75   
Stack 3: 92   30   65   84   69   39   77   
Stack 4: 47   83   68   3    86   22   17   89   
Stack 5: 19   99   13   75   54   84   82   20   
Stack 6: 37   26   1    88   53   92   61   6    
Stack 7: 28   82   38   99   41   39   9    48   
Stack 8: 76   7    42   64   23   33   58   15   
Stack 9: 31   19   81   71   
Stack 10: 32   69   86   93   25   60   19   13   
Stack 11: 72   13   72   9    23   36   87   76   
Stack 12: 50   54   85   37   94   0    65   73   
Stack 13: 89   22   72   37   
