Tiers: 8
Stacks: 16
Containers: 102
Stack 0: 69   98   93   80   98   94   101  53   
Stack 1: 14   75   79   6    77   95   56   
Stack 2: 43   
Stack 3: 4    68   54   21   46   
Stack 4: 98   12   90   34   
Stack 5: 20   35   49   56   98   18   90   34   
Stack 6: 65   68   21   96   92   24   
Stack 7: 67   91   53   12   57   78   61   77   
Stack 8: 53   98   36   38   59   64   94   27   
Stack 9: 86   90   0    55   70   20   
Stack 10: 47   76   83   42   67   
Stack 11: 20   27   82   20   82   15   95   98   
Stack 12: 53   5    39   11   87   12   71   
Stack 13: 65   46   75   0    57   99   91   
Stack 14: 17   82   40   34   100  8    
Stack 15: 9    8    41   51   16   61   19   24   
