Tiers: 8
Stacks: 14
Containers: 101
Stack 0: 17   58   38   27   61   46   72   26   
Stack 1: 16   94   28   
Stack 2: 17   28   87   12   28   22   25   50   
Stack 3: 10   93   32   49   51   77   69   78   
Stack 4: 95   85   91   95   51   49   10   15   
Stack 5: 93   54   84   65   61   81   19   
Stack 6: 94   55   73   5    95   32   82   53   
Stack 7: 75   34   13   100  78   61   90   40   
Stack 8: 39   13   6    16   63   95   
Stack 9: 66   36   70   18   63   78   75   
Stack 10: 49   34   48   70   45   80   23   0    
Stack 11: 78   86   7    62   26   23   67   64   
Stack 12: 25   22   44   24   14   80   11   3    
Stack 13: 33   50   50   84   55   64   
