Tiers: 8
Stacks: 11
Containers: 79
Stack 0: 29   28   36   32   6    64   65   74   
Stack 1: 15   69   26   30   31   50   6    
Stack 2: 2    26   52   30   61   66   49   
Stack 3: 59   29   17   70   0    50   
Stack 4: 9    41   16   16   62   3    10   13   
Stack 5: 39   36   69   28   4    25   34   
Stack 6: 13   2    16   39   5    66   55   77   
Stack 7: 57   58   24   13   23   42   72   34   
Stack 8: 25   20   2    68   17   77   
Stack 9: 19   25   2    41   18   74   
Stack 10: 39   73   50   57   55   78   21   50   
