Tiers: 8
Stacks: 13
Containers: 94
Stack 0: 72   91   25   25   7    9    43   90   
Stack 1: 74   24   67   77   40   2    84   90   
Stack 2: 47   44   88   37   
Stack 3: 55   18   79   8    90   79   69   16   
Stack 4: 29   12   29   17   19   74   67   49   
Stack 5: 16   17   79   27   55   51   
Stack 6: 79   29   6    5    23   41   
Stack 7: 42   10   2    51   87   56   75   29   
Stack 8: 15   83   90   81   70   66   59   
Stack 9: 26   58   44   69   61   44   58   56   
Stack 10: 7    65   63   65   31   6    4    3    
Stack 11: 7    45   49   30   35   82   57   
Stack 12: 66   55   27   72   64   82   72   38   
