Tiers: 8
Stacks: 14
Containers: 101
Stack 0: 17   70   39   0    83   77   81   55   
Stack 1: 40   95   18   63   91   30   49   41   
Stack 2: 63   92   27   41   61   48   70   73   
Stack 3: 37   23   15   
Stack 4: 10   47   18   2    25   98   4    35   
Stack 5: 66   65   73   40   61   75   10   
Stack 6: 94   10   43   74   13   54   47   21   
Stack 7: 12   25   88   52   38   23   85   20   
Stack 8: 17   0    47   38   88   100  28   1    
Stack 9: 93   19   76   65   44   53   92   64   
Stack 10: 7    87   15   
Stack 11: 78   53   92   56   59   68   100  91   
Stack 12: 54   38   66   62   16   2    76   94   
Stack 13: 61   6    82   12   22   44   98   96   
