Tiers: 8
Stacks: 15
Containers: 96
Stack 0: 74   33   37   33   93   12   45   
Stack 1: 88   3    70   81   61   
Stack 2: 14   75   29   3    94   29   81   47   
Stack 3: 0    5    27   44   73   81   71   64   
Stack 4: 29   58   44   93   1    16   
Stack 5: 38   2    43   
Stack 6: 22   87   30   94   90   70   65   14   
Stack 7: 48   5    39   7    56   76   13   37   
Stack 8: 33   59   16   
Stack 9: 33   49   16   69   4    23   
Stack 10: 71   44   62   49   82   56   40   
Stack 11: 4    10   92   27   66   
Stack 12: 54   27   95   62   66   89   30   57   
Stack 13: 63   33   57   29   26   4    42   81   
Stack 14: 91   17   21   76   18   75   
