Tiers: 7
Stacks: 16
Containers: 101
Stack 0: 10   75   53   58   26   100  74   
Stack 1: 66   99   8    66   
Stack 2: 13   65   45   34   97   
Stack 3: 65   64   42   52   28   
Stack 4: 83   16   92   87   83   47   19   
Stack 5: 24   3    67   99   36   31   82   
Stack 6: 97   27   51   0    
Stack 7: 32   81   81   82   82   40   82   
Stack 8: 47   37   64   64   9    28   
Stack 9: 72   17   62   98   31   19   30   
Stack 10: 97   81   72   28   87   98   36   
Stack 11: 51   10   82   75   51   6    40   
Stack 12: 54   65   53   88   81   43   55   
Stack 13: 31   32   61   15   35   46   33   
Stack 14: 55   4    93   27   38   32   24   
Stack 15: 44   12   86   88   19   22   64   
