Tiers: 8
Stacks: 12
Containers: 86
Stack 0: 4    77   72   70   40   12   32   49   
Stack 1: 13   6    7    53   68   24   79   23   
Stack 2: 50   26   41   68   85   42   33   35   
Stack 3: 50   80   25   14   12   
Stack 4: 31   16   83   35   79   24   2    67   
Stack 5: 16   40   71   43   31   29   79   56   
Stack 6: 23   49   31   
Stack 7: 49   29   50   9    49   32   11   73   
Stack 8: 76   8    23   82   53   47   71   79   
Stack 9: 63   59   68   9    66   44   22   66   
Stack 10: 23   21   11   32   55   85   31   47   
Stack 11: 54   45   2    37   32   59   
