Tiers: 7
Stacks: 16
Containers: 101
Stack 0: 95   53   97   5    88   19   47   
Stack 1: 26   54   74   73   84   15   
Stack 2: 27   34   64   7    6    12   
Stack 3: 20   17   64   11   23   75   
Stack 4: 69   10   2    8    72   52   11   
Stack 5: 6    54   89   8    33   20   57   
Stack 6: 41   67   10   96   67   99   
Stack 7: 23   60   67   88   50   61   57   
Stack 8: 81   39   100  22   63   94   97   
Stack 9: 34   10   100  29   73   88   99   
Stack 10: 97   91   24   49   94   
Stack 11: 3    33   29   82   0    
Stack 12: 17   93   30   0    60   7    37   
Stack 13: 64   41   65   52   27   21   26   
Stack 14: 11   39   89   33   
Stack 15: 40   65   52   66   44   89   84   
