Tiers: 8
Stacks: 16
Containers: 115
Stack 0: 50   99   74   61   5    86   
Stack 1: 110  57   83   24   32   113  56   2    
Stack 2: 84   59   69   89   85   71   98   86   
Stack 3: 32   7    105  48   4    78   
Stack 4: 97   75   55   27   68   37   
Stack 5: 55   111  79   65   20   108  33   103  
Stack 6: 2    10   2    110  35   90   46   44   
Stack 7: 58   91   95   104  17   17   18   43   
Stack 8: 37   63   104  33   73   104  83   27   
Stack 9: 8    53   51   83   97   80   36   112  
Stack 10: 37   103  108  62   65   58   105  3    
Stack 11: 69   49   114  106  15   73   
Stack 12: 90   66   104  19   62   111  54   27   
Stack 13: 90   59   83   60   59   18   
Stack 14: 27   17   86   3    113  20   16   35   
Stack 15: 88   83   0    61   44   
