Tiers: 7
Stacks: 16
Containers: 101
Stack 0: 32   16   62   100  47   
Stack 1: 83   94   68   53   80   95   78   
Stack 2: 92   92   43   61   73   84   10   
Stack 3: 34   3    56   8    68   100  36   
Stack 4: 42   64   94   38   73   34   53   
Stack 5: 50   97   11   92   56   96   69   
Stack 6: 27   20   55   28   29   74   9    
Stack 7: 62   47   31   34   46   83   99   
Stack 8: 56   93   4    17   22   
Stack 9: 35   5    2    21   87   21   
Stack 10: 39   85   34   81   50   53   89   
Stack 11: 8    88   58   37   12   90   9    
Stack 12: 31   26   90   98   77   45   95   
Stack 13: 13   15   7    31   34   91   10   
Stack 14: 29   96   1    99   
Stack 15: 3    39   89   82   
