Tiers: 8
Stacks: 12
Containers: 86
Stack 0: 85   7    49   50   22   63   69   30   
Stack 1: 1    39   30   57   65   58   31   46   
Stack 2: 78   85   19   85   
Stack 3: 7    18   1    36   82   26   32   63   
Stack 4: 62   53   42   59   34   73   12   39   
Stack 5: 11   31   60   75   50   69   69   14   
Stack 6: 19   38   25   15   3    65   36   25   
Stack 7: 78   15   28   50   62   40   53   83   
Stack 8: 85   53   26   13   61   35   71   76   
Stack 9: 37   48   19   32   19   15   30   69   
Stack 10: 63   52   55   17   63   
Stack 11: 55   46   17   82   16   
