Tiers: 8
Stacks: 16
Containers: 115
Stack 0: 5    91   75   66   72   12   42   111  
Stack 1: 72   98   3    85   35   70   42   14   
Stack 2: 11   90   72   27   56   10   25   0    
Stack 3: 18   60   27   41   11   44   94   47   
Stack 4: 14   64   37   32   85   111  105  20   
Stack 5: 35   32   50   107  74   15   24   20   
Stack 6: 79   108  79   13   65   45   88   
Stack 7: 60   5    45   49   0    75   101  2    
Stack 8: 106  56   97   
Stack 9: 110  65   53   90   72   16   102  22   
Stack 10: 96   47   53   98   41   4    62   71   
Stack 11: 51   7    59   95   4    83   53   106  
Stack 12: 7    58   33   15   10   41   
Stack 13: 13   79   26   24   104  
Stack 14: 10   34   7    43   100  16   101  26   
Stack 15: 64   33   100  8    79   0    
