Tiers: 8
Stacks: 14
Containers: 90
Stack 0: 27   73   86   47   23   9    39   
Stack 1: 34   53   80   89   79   89   34   88   
Stack 2: 71   67   80   15   44   81   
Stack 3: 61   1    18   26   
Stack 4: 80   56   34   46   22   23   50   19   
Stack 5: 74   1    75   66   32   21   27   
Stack 6: 36   27   69   46   85   89   20   41   
Stack 7: 57   67   67   82   6    8    52   42   
Stack 8: 
Stack 9: 41   15   6    35   63   
Stack 10: 26   73   31   47   30   34   17   
Stack 11: 20   14   61   17   78   71   28   25   
Stack 12: 39   79   29   57   26   60   80   74   
Stack 13: 59   49   17   55   53   50   
