Tiers: 8
Stacks: 13
Containers: 94
Stack 0: 51   61   4    93   71   77   17   51   
Stack 1: 21   17   38   8    56   44   25   40   
Stack 2: 2    55   65   80   65   7    19   79   
Stack 3: 89   39   41   49   83   48   2    23   
Stack 4: 75   87   41   15   78   26   65   7    
Stack 5: 74   0    1    90   71   86   6    51   
Stack 6: 43   93   42   8    66   
Stack 7: 2    36   29   39   10   4    72   87   
Stack 8: 17   46   75   50   7    55   82   10   
Stack 9: 28   47   22   
Stack 10: 44   34   86   20   62   90   34   71   
Stack 11: 40   50   85   85   61   17   41   71   
Stack 12: 63   91   3    70   24   26   
