Tiers: 8
Stacks: 13
Containers: 94
Stack 0: 63   17   62   5    54   93   93   83   
Stack 1: 25   17   76   21   19   4    55   76   
Stack 2: 27   4    55   20   83   10   47   58   
Stack 3: 6    38   87   15   0    56   55   31   
Stack 4: 73   52   22   34   81   22   48   90   
Stack 5: 26   38   81   63   70   74   82   39   
Stack 6: 3    77   38   69   64   
Stack 7: 24   8    88   1    3    5    86   50   
Stack 8: 67   24   16   75   64   28   91   72   
Stack 9: 73   7    63   93   8    2    55   16   
Stack 10: 20   53   38   88   3    91   
Stack 11: 93   45   26   66   93   6    82   58   
Stack 12: 14   55   49   
