Tiers: 8
Stacks: 15
Containers: 96
Stack 0: 50   86   89   27   14   
Stack 1: 61   3    75   41   92   77   60   
Stack 2: 45   43   68   9    8    24   19   95   
Stack 3: 64   83   1    36   47   57   64   
Stack 4: 62   38   88   29   45   42   
Stack 5: 47   8    28   38   29   64   8    89   
Stack 6: 41   18   55   22   40   74   
Stack 7: 39   13   81   66   
Stack 8: 44   58   38   75   37   
Stack 9: 39   56   44   16   89   34   50   7    
Stack 10: 27   94   74   18   40   49   18   45   
Stack 11: 33   72   2    91   22   6    
Stack 12: 30   68   94   34   46   64   
Stack 13: 53   72   78   16   60   18   16   
Stack 14: 27   1    19   6    36   
