Tiers: 8
Stacks: 16
Containers: 102
Stack 0: 89   93   62   77   58   27   65   24   
Stack 1: 22   31   92   87   81   27   28   
Stack 2: 7    77   62   77   
Stack 3: 28   80   50   98   1    
Stack 4: 71   10   35   55   32   3    73   7    
Stack 5: 73   84   84   29   9    
Stack 6: 19   96   62   88   72   
Stack 7: 98   69   36   90   50   37   81   65   
Stack 8: 3    34   50   11   66   
Stack 9: 15   1    84   26   85   15   52   
Stack 10: 4    46   78   2    19   64   54   27   
Stack 11: 22   42   2    38   99   18   26   4    
Stack 12: 65   97   100  22   89   28   56   67   
Stack 13: 83   49   80   
Stack 14: 59   48   76   70   92   77   88   
Stack 15: 33   5    29   2    42   98   
