Tiers: 8
Stacks: 15
Containers: 108
Stack 0: 6    26   52   29   30   98   82   88   
Stack 1: 65   91   24   21   49   65   50   
Stack 2: 40   47   57   76   7    31   87   
Stack 3: 107  28   36   7    52   83   13   
Stack 4: 47   83   14   24   49   94   78   107  
Stack 5: 24   36   59   22   92   74   64   42   
Stack 6: 85   24   106  42   20   28   80   45   
Stack 7: 70   104  86   100  63   96   74   62   
Stack 8: 39   57   89   29   16   101  
Stack 9: 8    96   62   100  92   29   
Stack 10: 46   18   29   78   3    15   
Stack 11: 22   77   23   0    60   90   40   41   
Stack 12: 49   73   3    103  65   62   45   82   
Stack 13: 78   17   47   44   25   19   0    
Stack 14: 77   69   67   70   78   71   
