Tiers: 8
Stacks: 12
Containers: 86
Stack 0: 69   76   22   37   52   37   72   51   
Stack 1: 4    16   58   48   84   24   33   59   
Stack 2: 79   38   39   67   23   15   51   38   
Stack 3: 0    50   46   5    47   36   37   43   
Stack 4: 7    32   33   30   60   67   53   7    
Stack 5: 33   44   21   60   12   11   
Stack 6: 30   62   51   26   64   60   28   5    
Stack 7: 5    11   32   5    31   
Stack 8: 77   50   42   53   5    48   64   
Stack 9: 26   17   0    0    79   23   
Stack 10: 68   52   64   19   4    7    
Stack 11: 7    82   25   14   42   5    7    34   
