Tiers: 8
Stacks: 11
Containers: 79
Stack 0: 4    37   40   39   1    
Stack 1: 62   11   70   64   26   30   27   70   
Stack 2: 56   39   58   
Stack 3: 65   74   30   45   33   77   56   26   
Stack 4: 62   68   18   75   35   64   76   75   
Stack 5: 4    76   21   75   18   73   2    27   
Stack 6: 38   78   49   78   69   4    53   78   
Stack 7: 73   54   39   60   9    60   57   6    
Stack 8: 67   32   35   30   47   22   32   
Stack 9: 18   15   50   34   66   1    8    64   
Stack 10: 21   66   38   40   14   9    41   1    
