Tiers: 8
Stacks: 16
Containers: 102
Stack 0: 66   20   89   75   1    1    
Stack 1: 70   98   77   24   11   16   98   27   
Stack 2: 29   95   45   54   89   12   59   53   
Stack 3: 68   64   53   46   91   
Stack 4: 1    71   6    58   22   66   8    71   
Stack 5: 37   61   34   101  2    70   
Stack 6: 68   44   
Stack 7: 60   36   74   23   62   38   34   25   
Stack 8: 54   42   53   26   93   15   6    87   
Stack 9: 7    41   44   2    82   
Stack 10: 47   81   100  84   25   5    57   90   
Stack 11: 71   18   30   97   
Stack 12: 35   72   64   23   48   25   90   48   
Stack 13: 30   32   76   55   93   75   84   58   
Stack 14: 7    4    83   47   65   90   74   98   
Stack 15: 52   49   
