Tiers: 8
Stacks: 16
Containers: 102
Stack 0: 28   49   93   25   6    7    71   1    
Stack 1: 63   76   42   57   22   83   7    1    
Stack 2: 9    46   71   19   28   
Stack 3: 9    32   39   31   21   
Stack 4: 95   87   21   98   11   31   63   81   
Stack 5: 54   72   6    14   
Stack 6: 51   93   80   26   66   70   
Stack 7: 32   47   56   46   18   81   11   50   
Stack 8: 80   96   0    31   42   92   0    78   
Stack 9: 81   91   38   9    1    
Stack 10: 82   48   89   45   96   
Stack 11: 84   101  46   62   22   
Stack 12: 51   92   30   28   50   34   67   75   
Stack 13: 46   7    27   5    1    76   
Stack 14: 100  66   39   46   12   0    89   6    
Stack 15: 13   37   8    83   53   
