Tiers: 8
Stacks: 12
Containers: 86
Stack 0: 76   33   44   9    5    55   61   
Stack 1: 5    64   78   70   28   0    68   85   
Stack 2: 41   61   32   44   
Stack 3: 34   84   85   69   72   81   29   
Stack 4: 50   33   9    35   37   48   7    82   
Stack 5: 37   41   85   0    43   3    84   62   
Stack 6: 83   28   29   48   83   56   48   71   
Stack 7: 80   46   44   45   5    79   45   23   
Stack 8: 43   61   42   5    53   4    42   
Stack 9: 20   50   7    75   66   29   84   24   
Stack 10: 78   77   22   68   82   42   
Stack 11: 73   12   52   12   77   6    54   
