Tiers: 8
Stacks: 14
Containers: 101
Stack 0: 37   73   22   99   10   85   97   5    
Stack 1: 3    19   87   5    97   58   46   78   
Stack 2: 95   32   89   17   2    44   80   50   
Stack 3: 86   83   97   52   38   55   35   18   
Stack 4: 10   21   26   1    
Stack 5: 61   83   31   22   85   67   29   10   
Stack 6: 98   13   77   71   44   15   28   43   
Stack 7: 68   86   87   8    43   
Stack 8: 88   73   50   15   26   84   79   15   
Stack 9: 99   56   87   25   83   36   62   
Stack 10: 98   2    72   41   96   40   12   
Stack 11: 39   74   20   33   15   38   97   
Stack 12: 52   60   30   95   82   49   41   55   
Stack 13: 6    81   91   57   30   84   0    
