Tiers: 8
Stacks: 13
Containers: 94
Stack 0: 7    64   58   73   64   28   18   13   
Stack 1: 82   14   9    8    7    56   69   30   
Stack 2: 83   84   68   46   50   42   
Stack 3: 29   43   1    12   52   20   
Stack 4: 88   91   35   58   41   10   89   76   
Stack 5: 83   54   6    13   61   91   70   74   
Stack 6: 80   14   20   24   73   63   
Stack 7: 85   92   16   25   78   37   83   56   
Stack 8: 51   28   69   87   48   11   61   
Stack 9: 48   38   27   2    16   25   17   
Stack 10: 86   87   48   41   17   29   54   44   
Stack 11: 74   1    58   21   14   40   62   
Stack 12: 7    88   61   36   61   50   31   
