Tiers: 8
Stacks: 15
Containers: 96
Stack 0: 31   51   71   50   66   26   11   
Stack 1: 79   51   0    57   72   55   26   63   
Stack 2: 53   61   94   4    19   16   29   57   
Stack 3: 8    6    82   43   32   
Stack 4: 38   32   52   67   49   36   
Stack 5: 48   87   31   
Stack 6: 88   3    67   4    
Stack 7: 15   12   46   23   85   20   51   83   
Stack 8: 95   39   20   44   12   10   57   88   
Stack 9: 33   41   56   45   51   35   48   17   
Stack 10: 7    22   76   36   85   49   25   
Stack 11: 42   81   61   64   74   32   
Stack 12: 13   92   22   60   20   27   36   45   
Stack 13: 14   49   85   16   25   65   61   
Stack 14: 54   90   77   
