Tiers: 8
Stacks: 16
Containers: 115
Stack 0: 68   10   76   72   86   97   62   26   
Stack 1: 58   91   104  111  46   38   50   9    
Stack 2: 31   14   77   71   4    26   101  41   
Stack 3: 103  84   79   18   62   7    104  60   
Stack 4: 75   48   69   64   90   60   68   6    
Stack 5: 39   92   59   110  38   72   
Stack 6: 99   50   4    44   27   19   19   87   
Stack 7: 15   96   92   49   81   53   2    73   
Stack 8: 90   72   31   57   95   93   32   101  
Stack 9: 93   113  78   110  77   35   97   109  
Stack 10: 78   
Stack 11: 48   70   10   58   12   54   38   104  
Stack 12: 82   80   21   75   56   
Stack 13: 12   112  105  64   98   65   17   
Stack 14: 23   75   91   6    87   63   7    86   
Stack 15: 16   35   94   17   57   15   105  69   
