Tiers: 8
Stacks: 11
Containers: 79
Stack 0: 68   16   72   62   26   
Stack 1: 19   54   6    
Stack 2: 57   77   71   47   21   24   17   2    
Stack 3: 23   40   28   12   63   39   20   48   
Stack 4: 56   10   65   34   18   52   44   
Stack 5: 13   70   1    43   74   22   61   27   
Stack 6: 60   66   55   45   4    51   3    75   
Stack 7: 29   30   50   32   64   14   78   0    
Stack 8: 76   67   42   36   46   69   49   33   
Stack 9: 31   7    37   53   35   15   58   38   
Stack 10: 8    59   5    25   73   41   11   9    
