Tiers: 8
Stacks: 16
Containers: 115
Stack 0: 61   72   46   14   50   
Stack 1: 106  33   94   87   77   16   99   58   
Stack 2: 38   10   68   88   9    30   
Stack 3: 91   70   41   90   56   111  110  104  
Stack 4: 101  78   11   3    57   59   109  47   
Stack 5: 69   2    36   49   79   6    64   42   
Stack 6: 97   40   27   82   52   84   12   
Stack 7: 93   53   98   62   29   66   113  34   
Stack 8: 102  92   21   114  51   67   76   22   
Stack 9: 18   65   108  8    45   60   83   0    
Stack 10: 31   105  26   89   107  44   
Stack 11: 63   19   37   20   25   5    28   86   
Stack 12: 54   100  32   95   13   35   73   39   
Stack 13: 96   1    55   4    103  80   24   74   
Stack 14: 7    71   81   15   23   48   17   112  
Stack 15: 75   85   43   
