Tiers: 8
Stacks: 13
Containers: 93
Stack 0: 85   53   59   12   87   82   80   45   
Stack 1: 56   90   86   79   
Stack 2: 23   20   64   67   75   25   34   76   
Stack 3: 92   27   8    51   68   63   29   13   
Stack 4: 42   6    3    55   40   16   52   58   
Stack 5: 5    24   71   9    22   
Stack 6: 31   32   44   81   84   7    54   18   
Stack 7: 17   66   0    11   2    10   74   38   
Stack 8: 73   89   49   30   21   26   57   37   
Stack 9: 78   77   46   4    83   61   1    
Stack 10: 36   88   62   91   35   47   65   14   
Stack 11: 41   28   69   72   19   33   48   60   
Stack 12: 70   43   50   15   39   
