Tiers: 8
Stacks: 11
Containers: 79
Stack 0: 33   2    55   7    17   59   22   72   
Stack 1: 71   45   24   20   69   6    47   66   
Stack 2: 77   74   14   57   39   75   78   1    
Stack 3: 68   0    27   42   19   30   
Stack 4: 63   52   15   34   37   41   53   58   
Stack 5: 3    35   56   10   32   38   73   11   
Stack 6: 54   51   64   67   16   23   65   8    
Stack 7: 44   13   62   5    50   48   25   61   
Stack 8: 21   4    29   9    18   
Stack 9: 40   60   31   36   
Stack 10: 26   46   49   43   70   28   76   12   
