Tiers: 8
Stacks: 12
Containers: 86
Stack 0: 30   48   57   81   76   45   61   27   
Stack 1: 10   69   21   2    
Stack 2: 23   22   49   17   59   43   
Stack 3: 28   83   65   16   56   25   6    
Stack 4: 50   82   11   54   80   38   1    
Stack 5: 39   75   79   32   24   9    15   3    
Stack 6: 60   73   35   52   4    85   84   26   
Stack 7: 71   51   47   37   44   18   41   70   
Stack 8: 29   58   40   33   42   5    12   78   
Stack 9: 77   74   7    66   20   0    36   19   
Stack 10: 67   63   8    46   14   34   72   
Stack 11: 68   64   31   53   62   13   55   
