Tiers: 7
Stacks: 16
Containers: 100
Stack 0: 13   31   8    12   
Stack 1: 72   76   64   50   
Stack 2: 19   78   86   82   69   
Stack 3: 37   59   30   9    49   7    57   
Stack 4: 83   79   84   53   22   62   35   
Stack 5: 17   16   46   42   65   70   2    
Stack 6: 75   1    33   97   74   96   80   
Stack 7: 20   14   28   44   73   68   93   
Stack 8: 48   99   43   89   56   23   67   
Stack 9: 66   25   91   10   5    88   52   
Stack 10: 36   29   6    15   51   
Stack 11: 58   41   90   27   94   61   95   
Stack 12: 34   39   98   4    71   87   81   
Stack 13: 11   45   21   92   3    0    54   
Stack 14: 24   85   77   18   63   55   26   
Stack 15: 60   47   40   38   32   
