Tiers: 8
Stacks: 11
Containers: 79
Stack 0: 29   57   74   38   42   12   58   43   
Stack 1: 16   56   70   35   36   17   0    28   
Stack 2: 76   44   2    48   67   68   22   4    
Stack 3: 1    64   25   47   10   
Stack 4: 65   72   45   21   53   
Stack 5: 19   6    7    66   50   9    18   
Stack 6: 15   52   20   49   62   41   46   32   
Stack 7: 33   3    27   30   60   61   78   8    
Stack 8: 73   59   63   39   77   11   14   5    
Stack 9: 34   69   23   26   55   71   
Stack 10: 31   13   40   75   37   24   51   54   
