Tiers: 7
Stacks: 16
Containers: 100
Stack 0: 50   96   17   
Stack 1: 95   76   13   48   89   93   57   
Stack 2: 4    38   15   67   40   94   41   
Stack 3: 49   26   11   1    20   55   69   
Stack 4: 19   54   51   81   66   52   53   
Stack 5: 0    24   22   61   83   68   
Stack 6: 2    79   8    47   82   84   75   
Stack 7: 59   45   33   64   86   9    30   
Stack 8: 18   85   63   5    27   92   
Stack 9: 10   97   74   70   
Stack 10: 25   21   46   39   77   28   58   
Stack 11: 56   23   62   35   32   65   
Stack 12: 34   43   31   6    91   71   80   
Stack 13: 29   90   60   37   87   
Stack 14: 42   88   73   7    99   98   78   
Stack 15: 44   16   36   14   12   72   3    
