Tiers: 8
Stacks: 12
Containers: 86
Stack 0: 28   55   71   22   69   
Stack 1: 64   38   9    12   48   17   77   
Stack 2: 40   3    52   4    29   51   11   37   
Stack 3: 50   0    42   32   76   13   30   15   
Stack 4: 68   34   25   10   57   
Stack 5: 60   47   20   65   84   2    24   16   
Stack 6: 82   33   5    46   35   8    81   59   
Stack 7: 75   41   49   23   83   
Stack 8: 67   26   85   53   21   39   36   63   
Stack 9: 7    74   66   18   58   45   72   78   
Stack 10: 19   43   6    1    14   27   56   73   
Stack 11: 79   70   54   80   31   62   44   61   
