Tiers: 8
Stacks: 14
Containers: 100
Stack 0: 97   73   76   12   94   0    
Stack 1: 83   62   88   87   9    95   93   
Stack 2: 7    35   18   33   80   25   
Stack 3: 61   37   47   90   69   5    89   77   
Stack 4: 92   23   60   38   
Stack 5: 75   14   66   68   85   27   81   30   
Stack 6: 70   32   40   15   55   50   71   
Stack 7: 45   26   99   43   13   34   41   82   
Stack 8: 49   52   78   48   20   2    
Stack 9: 1    56   64   96   8    67   84   29   
Stack 10: 19   63   57   44   10   98   28   11   
Stack 11: 59   91   86   36   65   51   74   6    
Stack 12: 53   17   46   24   72   31   58   54   
Stack 13: 3    21   79   39   16   22   4    42   
