Tiers: 7
Stacks: 16
Containers: 100
Stack 0: 82   30   47   29   21   9    86   
Stack 1: 41   49   44   85   97   96   45   
Stack 2: 64   92   65   60   23   90   93   
Stack 3: 56   89   42   6    76   11   2    
Stack 4: 58   55   94   69   79   99   36   
Stack 5: 27   37   8    0    74   48   35   
Stack 6: 46   73   26   17   83   
Stack 7: 71   88   54   34   52   57   
Stack 8: 50   22   95   12   63   75   10   
Stack 9: 14   77   51   33   19   91   5    
Stack 10: 68   20   84   81   28   16   
Stack 11: 66   32   13   43   1    87   24   
Stack 12: 38   70   15   80   
Stack 13: 61   59   39   25   53   
Stack 14: 67   31   4    7    3    
Stack 15: 18   98   40   78   72   62   
