Tiers: 8
Stacks: 12
Containers: 86
Stack 0: 69   32   48   47   65   37   82   22   
Stack 1: 8    51   31   53   71   40   34   73   
Stack 2: 60   50   21   2    41   
Stack 3: 38   63   24   64   68   54   46   52   
Stack 4: 0    45   14   6    20   
Stack 5: 11   15   79   4    5    66   49   70   
Stack 6: 42   36   59   23   9    78   61   57   
Stack 7: 58   30   76   29   25   83   27   39   
Stack 8: 74   13   16   7    33   84   12   75   
Stack 9: 3    80   1    56   55   72   43   19   
Stack 10: 17   85   26   67   
Stack 11: 28   77   62   81   44   35   10   18   
