Tiers: 7
Stacks: 16
Containers: 100
Stack 0: 29   12   17   
Stack 1: 56   46   20   48   55   5    11   
Stack 2: 58   54   68   84   24   39   23   
Stack 3: 37   36   27   59   89   71   1    
Stack 4: 43   44   90   64   67   
Stack 5: 28   80   51   96   69   98   88   
Stack 6: 38   8    75   0    21   6    14   
Stack 7: 10   47   30   78   50   31   16   
Stack 8: 57   92   40   49   65   63   35   
Stack 9: 52   3    41   45   94   33   32   
Stack 10: 85   18   82   13   91   66   97   
Stack 11: 2    62   79   
Stack 12: 19   74   61   93   86   73   
Stack 13: 42   26   15   34   60   99   9    
Stack 14: 95   70   7    83   4    25   
Stack 15: 76   72   87   53   77   81   22   
