Tiers: 8
Stacks: 15
Containers: 96
Stack 0: 61   2    47   56   72   87   91   
Stack 1: 27   80   36   75   40   85   83   74   
Stack 2: 78   3    94   86   18   17   
Stack 3: 16   52   34   26   15   12   90   64   
Stack 4: 1    77   60   43   5    21   9    33   
Stack 5: 24   10   81   19   
Stack 6: 62   48   67   
Stack 7: 54   22   57   51   76   41   13   
Stack 8: 68   55   71   39   20   50   35   7    
Stack 9: 28   59   42   73   38   79   
Stack 10: 30   6    69   0    
Stack 11: 32   70   11   46   14   65   89   29   
Stack 12: 23   53   93   82   88   
Stack 13: 4    8    49   25   63   66   45   
Stack 14: 31   37   58   95   44   92   84   
