Tiers: 8
Stacks: 13
Containers: 93
Stack 0: 80   49   28   12   69   76   40   30   
Stack 1: 6    92   62   34   21   89   
Stack 2: 13   64   75   59   47   
Stack 3: 15   26   5    85   7    50   
Stack 4: 67   1    17   46   81   91   65   
Stack 5: 53   39   31   70   0    27   37   3    
Stack 6: 71   55   72   25   20   66   36   
Stack 7: 11   88   44   86   78   41   57   83   
Stack 8: 23   73   84   38   61   48   68   19   
Stack 9: 18   32   35   4    54   33   
Stack 10: 14   60   2    10   24   82   51   74   
Stack 11: 9    87   77   29   16   43   79   56   
Stack 12: 63   42   52   22   90   8    45   58   
