Tiers: 8
Stacks: 14
Containers: 100
Stack 0: 14   92   26   17   58   63   66   56   
Stack 1: 49   54   41   2    98   
Stack 2: 28   90   71   83   5    32   20   93   
Stack 3: 31   86   65   69   87   91   43   48   
Stack 4: 23   22   89   39   11   13   76   29   
Stack 5: 18   34   94   25   64   42   
Stack 6: 74   21   67   78   80   68   51   
Stack 7: 53   10   62   85   60   96   37   38   
Stack 8: 36   12   72   0    35   3    79   27   
Stack 9: 15   57   70   8    24   33   47   19   
Stack 10: 77   6    45   99   82   16   95   75   
Stack 11: 97   4    73   9    50   61   
Stack 12: 30   40   84   81   
Stack 13: 59   1    44   55   7    88   46   52   
