Tiers: 8
Stacks: 16
Containers: 115
Stack 0: 20   33   65   9    40   108  19   
Stack 1: 5    58   63   60   14   104  
Stack 2: 2    8    64   86   78   61   102  81   
Stack 3: 68   87   79   55   21   22   
Stack 4: 44   74   112  27   23   6    54   
Stack 5: 88   71   10   85   99   82   25   114  
Stack 6: 3    107  91   49   90   24   
Stack 7: 37   109  75   51   12   110  38   31   
Stack 8: 36   17   39   62   47   96   94   98   
Stack 9: 80   59   0    103  89   15   43   111  
Stack 10: 72   56   48   46   100  28   101  73   
Stack 11: 70   113  11   13   97   1    67   16   
Stack 12: 57   26   77   84   52   7    32   
Stack 13: 42   50   35   105  92   34   45   
Stack 14: 41   30   106  69   93   83   
Stack 15: 4    29   76   53   66   95   18   
