Tiers: 8
Stacks: 15
Containers: 108
Stack 0: 9    70   86   52   10   105  95   
Stack 1: 103  32   34   91   47   3    59   14   
Stack 2: 8    38   54   68   88   18   37   93   
Stack 3: 26   5    29   84   44   65   15   22   
Stack 4: 102  28   57   2    39   76   51   17   
Stack 5: 19   33   21   74   71   79   
Stack 6: 62   89   7    48   0    35   98   60   
Stack 7: 94   67   4    78   90   81   64   
Stack 8: 100  106  107  43   49   30   66   
Stack 9: 56   75   27   36   46   99   42   25   
Stack 10: 6    12   23   87   40   
Stack 11: 97   58   11   96   85   1    
Stack 12: 92   16   104  80   73   45   31   55   
Stack 13: 13   61   41   20   83   50   24   82   
Stack 14: 63   72   101  53   69   77   
