Tiers: 8
Stacks: 13
Containers: 93
Stack 0: 85   45   39   16   
Stack 1: 87   92   3    52   26   66   25   73   
Stack 2: 74   77   41   4    24   65   89   46   
Stack 3: 34   79   7    
Stack 4: 72   53   49   68   81   31   67   55   
Stack 5: 54   86   36   62   2    13   14   17   
Stack 6: 42   28   40   33   84   19   8    51   
Stack 7: 21   58   30   56   70   69   9    18   
Stack 8: 27   47   61   76   22   44   12   35   
Stack 9: 43   83   32   82   63   64   75   0    
Stack 10: 90   5    80   6    37   11   
Stack 11: 91   59   88   20   48   10   50   1    
Stack 12: 57   29   23   15   71   38   60   78   
