Tiers: 8
Stacks: 12
Containers: 86
Stack 0: 39   76   52   68   24   53   18   65   
Stack 1: 11   70   56   72   1    60   5    51   
Stack 2: 17   62   26   6    38   61   45   75   
Stack 3: 79   20   27   48   4    13   49   33   
Stack 4: 36   55   12   82   46   47   73   71   
Stack 5: 16   19   58   77   29   34   85   35   
Stack 6: 50   69   30   15   42   8    81   22   
Stack 7: 9    41   37   
Stack 8: 32   57   10   80   14   66   25   23   
Stack 9: 74   54   3    78   63   21   64   2    
Stack 10: 83   28   84   31   67   43   
Stack 11: 44   59   7    0    40   
