Tiers: 8
Stacks: 15
Containers: 96
Stack 0: 73   66   72   59   
Stack 1: 51   34   92   57   
Stack 2: 48   33   26   4    2    70   77   43   
Stack 3: 61   36   42   8    78   27   
Stack 4: 11   6    22   38   90   53   21   
Stack 5: 49   30   79   87   63   35   
Stack 6: 31   86   28   23   3    
Stack 7: 68   10   74   37   18   88   60   46   
Stack 8: 52   15   65   5    7    41   50   
Stack 9: 82   54   47   69   62   9    12   76   
Stack 10: 93   32   45   
Stack 11: 44   1    13   71   0    89   95   16   
Stack 12: 64   80   91   94   17   67   81   20   
Stack 13: 19   83   84   29   56   58   
Stack 14: 55   40   14   85   75   39   25   24   
