Tiers: 8
Stacks: 16
Containers: 102
Stack 0: 80   99   90   1    101  56   21   
Stack 1: 36   0    79   67   3    
Stack 2: 73   82   51   57   39   5    6    60   
Stack 3: 17   40   81   
Stack 4: 35   16   95   23   29   53   
Stack 5: 11   19   78   64   84   63   69   33   
Stack 6: 20   88   76   14   
Stack 7: 92   93   7    96   68   48   18   
Stack 8: 44   86   28   8    49   71   12   
Stack 9: 4    22   50   75   
Stack 10: 97   85   13   52   30   38   
Stack 11: 10   43   15   83   46   41   77   2    
Stack 12: 91   58   66   45   98   74   27   9    
Stack 13: 72   34   54   94   70   62   59   47   
Stack 14: 25   61   55   89   24   32   100  31   
Stack 15: 42   26   65   87   37   
