Tiers: 8
Stacks: 15
Containers: 108
Stack 0: 91   71   10   87   85   107  
Stack 1: 36   20   92   89   65   63   80   97   
Stack 2: 19   31   72   73   46   93   52   26   
Stack 3: 11   64   37   5    68   3    88   90   
Stack 4: 35   62   8    22   49   
Stack 5: 76   70   104  99   25   4    44   14   
Stack 6: 106  95   45   7    59   13   27   61   
Stack 7: 79   69   2    1    21   74   98   34   
Stack 8: 86   17   96   84   41   94   40   9    
Stack 9: 54   0    56   67   6    102  48   18   
Stack 10: 23   82   28   101  12   39   33   32   
Stack 11: 78   100  81   75   105  
Stack 12: 24   58   53   42   38   15   51   
Stack 13: 77   30   43   55   83   
Stack 14: 47   57   103  66   60   16   50   29   
