Tiers: 8
Stacks: 14
Containers: 100
Stack 0: 14   54   62   77   7    89   3    
Stack 1: 38   93   27   97   
Stack 2: 44   15   8    61   9    94   69   26   
Stack 3: 67   92   43   48   65   81   37   24   
Stack 4: 58   56   25   84   95   59   72   31   
Stack 5: 75   51   29   30   4    78   64   87   
Stack 6: 35   80   42   66   18   
Stack 7: 55   41   34   53   96   5    90   49   
Stack 8: 86   68   32   28   33   40   0    
Stack 9: 79   57   76   36   82   22   11   1    
Stack 10: 99   20   39   10   2    91   70   71   
Stack 11: 47   60   21   52   13   
Stack 12: 45   74   16   85   50   88   12   23   
Stack 13: 73   19   98   6    46   17   83   63   
