Tiers: 8
Stacks: 16
Containers: 102
Stack 0: 16   50   95   94   39   53   78   
Stack 1: 47   99   100  29   76   18   
Stack 2: 26   66   70   25   2    61   30   81   
Stack 3: 32   72   79   27   86   64   1    54   
Stack 4: 67   34   36   38   31   88   17   
Stack 5: 62   98   23   96   33   45   83   101  
Stack 6: 0    59   13   12   42   71   75   
Stack 7: 69   28   15   14   77   
Stack 8: 73   46   90   97   
Stack 9: 19   20   65   85   74   
Stack 10: 93   9    57   21   80   10   84   49   
Stack 11: 22   91   60   63   44   
Stack 12: 55   43   3    87   58   52   6    5    
Stack 13: 4    48   89   
Stack 14: 40   35   11   82   37   92   24   
Stack 15: 41   68   51   56   8    7    
