Tiers: 8
Stacks: 15
Containers: 96
Stack 0: 58   30   87   39   45   14   18   61   
Stack 1: 56   59   42   44   68   13   70   31   
Stack 2: 27   33   28   41   35   84   46   49   
Stack 3: 50   78   36   77   53   
Stack 4: 63   24   21   48   51   
Stack 5: 38   19   0    25   
Stack 6: 16   1    94   6    
Stack 7: 11   29   57   69   43   
Stack 8: 65   71   88   93   
Stack 9: 80   26   92   83   62   74   
Stack 10: 8    66   91   40   54   55   79   90   
Stack 11: 81   37   32   23   3    52   73   34   
Stack 12: 47   4    95   82   12   22   17   67   
Stack 13: 72   10   85   2    7    9    75   86   
Stack 14: 60   76   89   64   20   5    15   
