Tiers: 8
Stacks: 15
Containers: 108
Stack 0: 92   103  7    65   95   26   107  16   
Stack 1: 68   71   51   59   6    76   34   37   
Stack 2: 87   64   58   70   41   8    99   33   
Stack 3: 72   82   85   75   74   54   77   86   
Stack 4: 5    12   40   60   89   9    1    3    
Stack 5: 14   57   29   55   52   0    56   53   
Stack 6: 44   18   79   80   102  90   78   
Stack 7: 104  91   93   96   
Stack 8: 11   98   63   31   49   39   83   42   
Stack 9: 25   73   10   94   20   100  
Stack 10: 36   46   30   27   2    67   45   48   
Stack 11: 66   22   84   24   88   106  43   19   
Stack 12: 50   15   4    17   101  23   62   69   
Stack 13: 35   105  97   21   61   38   
Stack 14: 47   81   28   32   13   
