Tiers: 8
Stacks: 15
Containers: 108
Stack 0: 4    27   59   95   
Stack 1: 30   57   91   83   0    50   48   
Stack 2: 32   3    84   87   19   31   107  69   
Stack 3: 10   37   81   15   21   52   
Stack 4: 103  7    8    85   29   2    51   36   
Stack 5: 96   71   105  74   90   23   35   
Stack 6: 54   22   67   12   64   53   61   79   
Stack 7: 62   43   42   25   73   6    88   
Stack 8: 106  72   40   18   58   98   65   
Stack 9: 26   33   39   24   34   55   104  41   
Stack 10: 86   102  100  28   101  49   75   76   
Stack 11: 5    66   78   17   80   94   
Stack 12: 89   93   13   14   1    99   44   77   
Stack 13: 60   63   82   38   45   16   20   68   
Stack 14: 9    47   92   11   56   70   97   46   
