Tiers: 8
Stacks: 11
Containers: 79
Stack 0: 9    11   42   47   63   70   61   59   
Stack 1: 46   65   2    57   36   49   50   
Stack 2: 14   39   24   35   19   76   4    55   
Stack 3: 71   5    77   66   43   62   78   33   
Stack 4: 38   54   13   58   23   72   
Stack 5: 26   45   22   18   52   
Stack 6: 30   73   75   27   40   8    10   34   
Stack 7: 31   60   17   51   15   7    
Stack 8: 3    21   1    6    37   20   68   
Stack 9: 44   32   64   25   41   48   0    56   
Stack 10: 12   28   74   16   29   69   67   53   
