Tiers: 8
Stacks: 16
Containers: 102
Stack 0: 3    91   59   44   78   33   
Stack 1: 51   57   28   27   36   90   17   84   
Stack 2: 15   61   35   31   37   
Stack 3: 63   83   66   26   23   54   94   68   
Stack 4: 29   86   11   7    53   
Stack 5: 4    72   32   2    42   82   
Stack 6: 88   92   8    55   38   14   71   6    
Stack 7: 100  73   47   
Stack 8: 18   99   56   20   79   
Stack 9: 70   80   65   5    34   81   
Stack 10: 46   62   67   30   40   
Stack 11: 74   89   96   49   22   13   77   98   
Stack 12: 45   21   1    87   9    50   
Stack 13: 12   101  0    85   41   43   16   75   
Stack 14: 97   64   48   69   24   58   25   76   
Stack 15: 93   52   10   39   95   60   19   
