Tiers: 8
Stacks: 16
Containers: 102
Stack 0: 96   85   15   20   25   12   
Stack 1: 16   67   44   76   100  97   23   58   
Stack 2: 71   49   94   90   60   
Stack 3: 30   66   65   74   41   91   56   
Stack 4: 4    75   14   92   39   72   1    7    
Stack 5: 64   80   70   24   46   61   
Stack 6: 31   0    89   53   35   68   
Stack 7: 22   36   48   52   95   79   77   101  
Stack 8: 62   43   18   33   88   82   6    84   
Stack 9: 87   59   99   98   8    
Stack 10: 29   93   13   40   28   38   27   2    
Stack 11: 86   5    11   51   81   83   42   
Stack 12: 69   17   37   34   3    
Stack 13: 9    32   50   73   
Stack 14: 54   57   47   78   55   63   
Stack 15: 21   45   26   10   19   
