Tiers: 8
Stacks: 15
Containers: 96
Stack 0: 79   93   7    
Stack 1: 66   72   86   90   13   56   84   87   
Stack 2: 19   75   2    77   80   63   81   
Stack 3: 69   55   6    5    67   18   24   3    
Stack 4: 65   14   62   51   42   91   74   
Stack 5: 32   53   54   25   61   26   21   
Stack 6: 64   33   88   9    20   71   16   
Stack 7: 35   8    73   47   36   
Stack 8: 10   41   12   46   52   0    60   
Stack 9: 17   40   27   49   39   
Stack 10: 48   29   15   23   82   92   
Stack 11: 22   50   
Stack 12: 28   43   37   11   95   1    76   30   
Stack 13: 59   57   45   38   89   34   68   85   
Stack 14: 58   70   4    83   94   44   78   31   
