Tiers: 8
Stacks: 14
Containers: 100
Stack 0: 51   54   49   70   16   61   31   98   
Stack 1: 96   93   74   73   81   33   45   48   
Stack 2: 19   2    84   72   78   94   58   18   
Stack 3: 22   9    7    60   71   50   20   43   
Stack 4: 37   30   15   86   14   
Stack 5: 89   27   47   17   44   28   34   67   
Stack 6: 65   36   55   88   69   53   8    77   
Stack 7: 12   97   59   46   64   4    
Stack 8: 79   83   11   85   40   10   56   29   
Stack 9: 52   62   99   38   57   66   
Stack 10: 80   41   82   13   6    
Stack 11: 5    0    87   91   25   76   24   75   
Stack 12: 1    26   21   32   63   68   95   
Stack 13: 92   90   3    39   35   23   42   
