Tiers: 8
Stacks: 16
Containers: 115
Stack 0: 14   98   97   63   54   12   51   69   
Stack 1: 24   104  3    10   65   15   22   99   
Stack 2: 8    57   102  87   95   25   9    75   
Stack 3: 1    46   61   73   80   47   17   96   
Stack 4: 36   0    6    52   53   31   108  
Stack 5: 48   18   43   
Stack 6: 76   41   23   66   109  68   88   
Stack 7: 78   55   106  21   60   39   91   50   
Stack 8: 72   101  90   7    27   92   70   35   
Stack 9: 16   81   32   58   86   82   94   83   
Stack 10: 56   67   105  111  29   79   11   
Stack 11: 26   5    4    110  44   13   49   113  
Stack 12: 19   40   30   77   45   100  103  28   
Stack 13: 85   34   89   59   64   38   20   2    
Stack 14: 74   107  42   93   33   112  37   71   
Stack 15: 114  84   62   
