Tiers: 8
Stacks: 13
Containers: 93
Stack 0: 10   25   81   83   34   59   39   
Stack 1: 51   47   63   7    32   88   70   50   
Stack 2: 29   79   24   28   40   
Stack 3: 77   60   61   58   49   90   52   15   
Stack 4: 4    73   1    19   54   91   71   87   
Stack 5: 20   38   56   82   18   75   
Stack 6: 27   37   36   31   86   
Stack 7: 26   12   6    78   11   65   69   30   
Stack 8: 23   16   5    46   8    0    89   92   
Stack 9: 53   9    22   45   76   43   41   14   
Stack 10: 55   66   68   84   48   2    67   44   
Stack 11: 13   21   3    80   42   62   35   
Stack 12: 17   64   74   33   57   85   72   
