Tiers: 8
Stacks: 16
Containers: 115
Stack 0: 72   26   54   38   1    53   31   23   
Stack 1: 113  35   80   58   96   114  
Stack 2: 42   62   73   20   50   13   36   
Stack 3: 18   33   9    4    21   56   93   43   
Stack 4: 14   27   69   19   22   101  
Stack 5: 66   92   44   110  100  98   52   
Stack 6: 70   87   74   46   83   16   49   94   
Stack 7: 55   67   45   25   10   105  
Stack 8: 60   63   112  79   12   77   34   65   
Stack 9: 8    30   17   86   109  84   78   102  
Stack 10: 11   5    40   108  24   107  
Stack 11: 103  59   41   90   6    82   3    2    
Stack 12: 89   29   97   28   75   47   32   
Stack 13: 85   57   37   64   76   71   104  15   
Stack 14: 106  39   61   51   68   48   
Stack 15: 111  95   81   7    91   0    88   99   
